{
  "height": 24,
  "width": 42,
  "x": 504.51251220703125,
  "y": 561.7875366210938
}