{
  "height": 38,
  "width": 318,
  "x": 366.5375061035156,
  "y": 554.9874877929688
}